0.897287
0.874652
0.670165
0.707880
0.899729
0.922078
0.500960
0.906944
0.890889
0.903683
0.901554
0.329312
0.896923
0.852564
0.914819
0.802989
0.899782
0.919118
0.894879
0.928682
0.885559
0.875197
0.556818
0.920225
0.522963
0.808405
0.777778
0.927803
0.885057
0.915596
0.852090
0.323944
0.822134
0.604027
0.855263
0.855478
0.873762
0.914463
0.896761
0.898671
0.912903
0.908513
0.828571
0.906499
0.726154
0.880184
0.913433
0.892903
0.898438
0.086897
0.872378
0.859459
0.653141
0.948684
0.425620
0.923797
0.550413
0.838983
0.707386
0.915106
0.903183
0.926121
0.865815
0.934402
0.930114
0.246187
0.902116
0.810345
0.869136
0.703242
0.887070
0.909850
0.790000
0.890582
0.621658
0.916306
0.883484
0.770515
0.841424
0.803618
0.926905
0.906067
0.827083
0.904048
0.872792
0.907709
0.541190
0.930926
0.878378
0.892899
0.888060
0.881797
0.395722
0.731395
0.898839
0.912658
0.890625
0.856971
0.912709
0.894256
0.847059
0.807500
0.915323
0.834606
0.503788
0.912577
0.328874
0.902965
0.879004
0.853175
0.897110
0.917511
0.000000
0.865429
0.915511
0.365817
0.864780
0.900322
0.858182
0.918699
0.621181
0.917443
0.756494
0.897436
0.296412
0.914663
0.924005
0.903292
0.876344
0.901695
0.803150
0.914831
0.283186
0.914634
0.536530
0.870159
0.899038
0.908197
0.602689
0.895692
0.892548
0.840067
0.932755
0.880353
0.898491
0.909412
0.820276
0.857612
0.938291
0.882784
0.893099
0.568750
0.890173
0.862319
0.907781
0.914956
0.921053
0.872727
0.913876
0.822581
0.320363
0.886822
0.938272
0.904236
0.644876
0.892430
0.888736
0.914422
0.910224
0.451613
0.692778
0.930348
0.912972
0.224939
0.903465
0.888530
0.846154
0.894366
0.918396
0.889968
0.787402
0.893352
0.909597
0.891892
0.896940
0.404682
0.891544
0.897106
0.903030
0.842723
0.843683
0.909513
0.128480
0.710021
0.907609
0.894552
0.921933
0.914780
0.930380
0.383275
0.889197
0.861575
0.838384
0.903592
0.856874
0.915230
0.837072
0.900356
0.894376
0.741818
0.775510
0.541315
0.835088
0.906475
0.855442
0.920984
0.905956
0.899485
0.911901
0.913580
0.886997
0.822547
0.912975
0.684303
0.810198
0.889831
0.857341
0.853659
0.930057
0.905817
0.930851
0.915094
0.899338
0.001295
0.921512
0.077148
0.740864
0.875000
0.904762
0.825215
0.900147
0.908219
0.849823
0.896445
0.345339
0.921397
0.879852
0.899408
0.718654
0.884817
0.915966
0.074138
0.839607
0.910663
0.915212
0.895000
0.900654
0.616783
0.000000
0.923676
0.836066
0.653179
0.860687
0.915094
0.861244
0.928058
0.894209
0.889813
0.822350
0.880054
0.897598
0.477591
0.905830
0.912568
0.000000
0.903276
0.840824
0.412446
0.910579
0.823961
0.906280
0.875000
0.876582
0.862573
0.880878
0.892442
0.094773
0.905861
0.769352
0.908669
0.903491
0.902941
0.873469
0.918093
0.908517
0.911003
0.820896
0.734694
0.872856
0.903433
0.841709
0.796629
0.449458
0.910364
0.864277
0.880567
0.848624
0.907383
0.714697
0.891613
0.896154
0.696165
0.872642
0.858209
0.917847
0.921630
0.921847
0.238908
0.915512
0.661145
0.909946
0.667506
0.899160
0.821317
0.803191
0.773148
0.746171
0.925606
0.742386
0.707614
0.901328
0.720588
0.895172
0.872868
0.871658
0.876133
0.890859
0.887307
0.896947
0.356006
0.866785
0.918519
0.734472
0.910663
0.907937
0.902208
0.089709
0.888683
0.916418
0.383838
0.844291
0.703791
0.900000
0.910015
0.912536
0.784553
0.876488
0.808307
0.895434
0.911429
0.904516
0.773077
0.880249
0.901613
0.618490
0.912664
0.867099
0.904441
0.798198
0.901569
0.899876
0.898907
0.920522
0.290155
0.861827
0.766917
0.898051
0.547945
0.049306
0.713675
0.894822
0.926714
0.692308
0.899529
0.906516
0.912329
0.500000
0.811475
0.896648
0.746667
0.775414
0.848229
0.858280
0.813514
0.912145
0.899582
0.819820
0.882000
0.912088
0.820639
0.873990
0.867384
0.921305
0.886239
0.791455
0.906890
0.702479
0.807143
0.590296
0.864353
0.904082
0.868421
0.785124
0.912281
0.913580
0.904564
0.906826
0.895928
0.916468
0.854610
0.893939
0.337774
0.919471
0.869091
0.815700
0.914286
0.673653
0.739953
0.878788
0.554745
0.043025
0.000000
0.845538
0.909862
0.885196
0.907042
0.809917
0.890000
0.532525
0.896875
0.677225
0.044983
0.924188
0.054250
0.901528
0.822115
0.831081
0.781116
0.934545
0.844512
0.861823
0.942257
0.542344
0.000000
0.870871
0.904486
0.577548
0.082520
0.913475
0.885246
0.598120
0.816993
0.895604
0.917735
0.902760
0.492239
0.889053
0.903577
0.860870
0.926184
0.397574
0.856176
0.615591
0.865854
0.553903
0.912639
0.857143
0.911846
0.940621
0.089355
0.890909
0.925581
0.868313
0.896154
0.906841
0.838041
0.844000
0.855670
0.900000
0.849850
0.871671
0.767073
0.902087
0.748744
0.901869
0.910198
0.919811
0.834375
0.803204
0.875502
0.842881
0.840000
0.891045
0.899497
0.889431
0.900137
0.876894
0.825518
0.795400
0.028120
0.430931
0.885266
0.797183
0.903226
0.897598
0.117130
0.815625
0.435807
0.914516
0.873016
0.921053
0.904412
0.811508
0.869048
0.746171
0.349760
0.924332
0.895678
0.055908
0.811715
0.902222
0.923393
0.890533
0.290000
0.903382
0.823417
0.641250
0.918054
0.908989
0.772251
0.904694
0.139104
0.888889
0.885496
0.906602
0.870558
0.032051
0.843137
0.901682
0.916364
0.900143
0.906170
0.895894
0.918261
0.891122
0.765417
0.070188
0.787879
0.915966
0.906748
0.895604
0.831418
0.849231
0.881598
0.915033
0.888393
0.239098
0.782931
0.851319
0.919575
0.778295
0.912127
0.329749
0.881745
0.910204
0.909589
0.922002
0.756158
0.608195
0.903967
0.800377
0.883357
0.921788
0.918667
0.829457
0.911765
0.846547
0.914793
0.427284
0.830935
0.878261
0.613803
0.728665
0.525667
0.891156
0.899502
0.854209
0.903529
0.883065
0.876076
0.889675
0.806977
0.660215
0.864286
0.728342
0.908497
0.890157
0.911672
0.900568
0.924554
0.886470
0.919523
0.882729
0.904832
0.290909
0.907489
0.908644
0.899183
0.892135
0.884615
0.877193
0.892430
0.909434
0.830508
0.606335
0.899272
0.860025
0.889205
0.555160
0.893964
0.407311
0.105353
0.884286
0.629581
0.861257
0.797525
0.692308
0.924138
0.907574
0.885714
0.892430
0.803632
0.767372
0.813075
0.902571
0.868657
0.867435
0.929134
0.922240
0.921429
0.883598
0.894009
0.908148
0.913420
0.876176
0.909879
0.908146
0.937771
0.842246
0.377863
0.865191
0.926239
0.874096
0.310857
0.908669
0.797297
0.897181
0.827397
0.084717
0.914008
0.911304
0.117676
0.899504
0.927250
0.311275
0.900596
0.000000
0.904692
0.891266
0.090643
0.897345
0.264929
0.904762
0.852697
0.925373
0.836888
0.917981
0.904692
0.894831
0.911552
0.000000
0.901004
0.868790
0.521127
0.897321
0.891016
0.894737
0.903069
0.659436
0.764851
0.910468
0.692654
0.912031
0.906752
0.922861
0.933573
0.870968
0.841823
0.906566
0.858926
0.872636
0.143443
0.839437
0.744620
0.132339
0.901961
0.913978
0.883861
0.931373
0.847328
0.890374
0.656160
0.870892
0.097900
0.871060
0.901786
0.899215
0.666667
0.891139
0.909509
0.909968
0.833333
0.902740
0.691761
0.841379
0.458580
0.000000
0.000000
0.893281
0.912214
0.914369
0.917037
0.900000
0.782828
0.905882
0.884984
0.170769
0.747761
0.915423
0.917073
0.894569
0.915761
0.893411
0.352078
0.894595
0.871826
0.865443
0.088623
0.252144
0.933622
0.902996
0.472145
0.896239
0.903122
0.923784
0.865052
0.910204
0.829517
0.908269
0.847222
0.909677
0.894366
0.890909
0.927497
0.893939
0.861084
0.719424
0.898045
0.878125
0.051799
0.927239
0.894481
0.647482
0.904692
0.901431
0.898417
0.918790
0.616943
0.909091
0.707101
0.846966
0.861646
0.917485
0.877644
0.826241
0.693520
0.557439
0.911450
0.840348
0.285507
0.810847
0.841076
0.935435
0.819695
0.884793
0.919585
0.764179
0.910526
0.918121
0.019417
0.894022
0.916968
0.867550
0.920290
0.910596
0.900838
0.920000
0.902135
0.856322
0.040984
0.904110
0.894855
0.904452
0.843038
0.918216
0.913303
0.919940
0.826149
0.123239
0.039322
0.847390
0.880882
0.018805
0.900576
0.874092
0.911842
0.453521
0.877778
0.940610
0.894345
0.903302
0.903930
0.900188
0.504219
0.892665
0.870656
0.840708
0.649886
0.386525
0.882653
0.283619
0.914671
0.717136
0.907984
0.839450
0.118644
0.477679
0.908271
0.903650
0.905901
0.906667
0.647135
0.879687
0.885167
0.764069
0.904888
0.863492
0.815476
0.909357
0.909483
0.908836
0.911565
0.858837
0.460189
0.907946
0.881830
0.828571
0.875834
0.837709
0.914740
0.849673
0.889333
0.902628
0.515873
0.880102
0.564875
0.920949
0.912031
0.800469
0.829710
0.806358
0.917526
0.875236
0.843100
0.928389
0.904950
0.889113
0.902299
0.915751
0.911353
0.814685
0.845029
0.893778
0.919662
0.885145
0.836158
0.915354
0.911839
0.907125
0.896552
0.839677
0.922734
0.870849
0.176243
0.884882
0.770810
0.906944
0.823755
0.132420
0.779412
0.280053
0.890147
0.919732
0.896725
0.897143
0.925026
0.886633
0.922794
0.885284
0.815562
0.906486
0.883510
0.923077
0.561056
0.876050
0.902235
0.909337
0.910615
0.862108
0.535714
0.375773
0.811146
0.249723
0.902222
0.655870
0.829412
0.901099
0.923288
0.698089
0.903694
0.883797
0.934783
0.916049
0.831643
0.908629
0.760246
0.785548
0.895413
0.911573
0.898711
0.821958
0.919866
0.932000
0.796341
0.897015
0.870000
0.910067
0.818182
0.763959
0.891599
0.908828
0.902537
0.894737
0.907025
0.902266
0.881152
0.908467
0.799383
0.854610
0.911924
0.920375
0.898990
0.895425
0.904819
0.886640
0.773864
0.906690
0.904977
0.928750
0.823219
0.540107
0.806818
0.927357
0.913043
0.876692
0.402423
0.899844
0.611554
0.182058
0.671296
